0.49361276626586914
0.2883782386779785
0.24811649322509766
0.25844264030456543
0.2548949718475342
0.2603588104248047
0.2564423084259033
0.28116774559020996
0.27012014389038086
0.2594761848449707
0.24198222160339355
0.38803815841674805
1.057267665863037
1.3061094284057617
0.5222587585449219
0.25687336921691895
0.3391268253326416
0.2943878173828125
0.2507359981536865
0.24042105674743652
0.3508164882659912
0.25890612602233887
0.31700563430786133
0.2658047676086426
0.24786901473999023
0.24800324440002441
0.24306058883666992
0.24100565910339355
0.2560889720916748
0.24002671241760254
0.3202345371246338
0.24473094940185547
0.24476981163024902
0.25037598609924316
0.24931764602661133
0.25070786476135254
0.4302661418914795
0.2569925785064697
0.4500539302825928
0.4134800434112549
0.2480459213256836
0.24296832084655762
0.31577491760253906
0.2667357921600342
0.31292223930358887
0.2538008689880371
0.24785208702087402
0.2512941360473633
0.24769926071166992
0.4319887161254883
0.2440338134765625
0.502791166305542
0.2939159870147705
0.24215006828308105
0.24164056777954102
0.24337267875671387
0.23722314834594727
0.2534937858581543
0.4494051933288574
0.2371659278869629
0.24913620948791504
0.26045823097229004
0.25476717948913574
0.2583327293395996
0.2736635208129883
0.26904940605163574
0.23926162719726562
0.24918889999389648
0.24579644203186035
0.24911236763000488
0.6899063587188721
0.7394998073577881
0.5291156768798828
0.8926825523376465
1.6123182773590088
0.25800442695617676
0.2646193504333496
0.2792801856994629
0.29281020164489746
0.27526164054870605
0.2655501365661621
0.28678154945373535
0.2913095951080322
0.27455782890319824
0.2814955711364746
0.2739880084991455
0.26544618606567383
0.2759227752685547
0.26398229598999023
0.26560091972351074
0.28501367568969727
0.24949932098388672
0.24072480201721191
0.2435314655303955
0.3120744228363037
0.3123819828033447
0.28426218032836914
0.2419114112854004
0.2732846736907959
0.24970626831054688
0.2689971923828125
0.2634317874908447
0.26261162757873535
0.2954387664794922
0.24573802947998047
0.29527831077575684
0.26846909523010254
0.29352331161499023
0.2866699695587158
0.2541317939758301
0.30599117279052734
0.266951322555542
0.4836001396179199
0.3041496276855469
0.2636525630950928
0.27137088775634766
0.3838200569152832
0.2814817428588867
0.26227545738220215
0.33908629417419434
0.26241374015808105
0.27306461334228516
0.2637622356414795
0.2861642837524414
0.32462024688720703
0.26493191719055176
0.2760624885559082
0.2651379108428955
0.28580689430236816
0.34413886070251465
0.2623300552368164
0.27286720275878906
0.26702117919921875
0.24281740188598633
0.2662069797515869
0.24368906021118164
0.271653413772583
0.28178930282592773
0.26883649826049805
0.2705209255218506
0.27303600311279297
0.2824747562408447
0.32899999618530273
0.28107595443725586
0.2546885013580322
0.26940321922302246
0.269334077835083
0.266970157623291
0.4325566291809082
0.2620270252227783
0.26667237281799316
0.2861311435699463
0.2901906967163086
0.25806093215942383
0.25975608825683594
0.29778218269348145
0.24392104148864746
0.28371524810791016
0.2933676242828369
0.2710716724395752
0.27959728240966797
0.33781862258911133
0.3057746887207031
0.2841150760650635
0.42847156524658203
0.304004430770874
0.256986141204834
0.25753235816955566
0.26004815101623535
0.2414553165435791
0.2910428047180176
0.2495419979095459
0.266582727432251
0.2616002559661865
0.30539870262145996
0.2731971740722656
0.2703673839569092
0.2587411403656006
0.2951681613922119
0.24460887908935547
0.28470468521118164
0.2764725685119629
0.2697639465332031
0.4015846252441406
0.2868540287017822
0.3267176151275635
0.3348877429962158
0.25974202156066895
0.2523956298828125
0.3234729766845703
0.23967623710632324
0.4792194366455078
0.27367639541625977
0.31261277198791504
0.45976686477661133
0.25894832611083984
0.27812767028808594
0.2838571071624756
0.2631809711456299
0.2744317054748535
0.2820427417755127
0.2553889751434326
0.2763819694519043
0.29196763038635254
0.252652645111084
0.2665431499481201
0.25295138359069824
0.2608070373535156
0.2653827667236328
0.23434162139892578
0.2758345603942871
0.26741886138916016
0.2688469886779785
0.28750014305114746
0.30243968963623047
0.288546085357666
0.2570474147796631
0.2500452995300293
0.28240394592285156
0.3343336582183838
0.2496199607849121
0.2606973648071289
0.2761666774749756
0.2759590148925781
0.272599458694458
0.3063242435455322
0.32441091537475586
0.26913881301879883
0.27669572830200195
0.2953207492828369
0.7311334609985352
0.29727888107299805
0.4306302070617676
0.39147043228149414
0.9926183223724365
0.541327714920044
0.37940311431884766
0.6167991161346436
0.6812355518341064
0.27483558654785156
0.3718550205230713
0.2526874542236328
0.2525930404663086
0.24715423583984375
0.2422170639038086
0.2491445541381836
0.2435011863708496
0.28371453285217285
0.40210604667663574
0.2565944194793701
0.3482842445373535
0.26146721839904785
0.24672389030456543
0.43464183807373047
0.2815427780151367
0.27271318435668945
0.6748580932617188
0.27809619903564453
0.46071290969848633
0.27360963821411133
0.2637641429901123
0.36615848541259766
0.2758901119232178
0.27518653869628906
0.2710835933685303
0.27951717376708984
0.29259371757507324
0.29372143745422363
0.2585103511810303
0.23844671249389648
0.28883814811706543
0.2685708999633789
0.25086450576782227
0.2773716449737549
0.27646446228027344
0.26767635345458984
0.2596261501312256
0.28815484046936035
0.2501802444458008
0.2977566719055176
0.2551851272583008
0.2813694477081299
0.27487850189208984
0.2927091121673584
0.2692229747772217
0.24889492988586426
0.2595055103302002
0.25956201553344727
0.30667591094970703
0.30114197731018066
0.2567596435546875
0.2906219959259033
0.49228954315185547
0.36812639236450195
0.28058862686157227
0.2628591060638428
0.24534392356872559
0.24746489524841309
0.25127744674682617
0.32895779609680176
0.2645070552825928
0.27193164825439453
0.3854846954345703
0.27373242378234863
0.2974064350128174
0.2894721031188965
0.24461126327514648
0.23995566368103027
0.24907827377319336
0.24686169624328613
0.24715447425842285
0.25425076484680176
0.24289965629577637
0.2635159492492676
0.2582674026489258
0.24908232688903809
0.24857354164123535
0.29384827613830566
0.303220272064209
0.24494028091430664
0.24257230758666992
0.268218994140625
0.7472240924835205
0.3544797897338867
0.25569653511047363
0.24206137657165527
0.2496788501739502
0.2487497329711914
0.3607063293457031
0.2416832447052002
0.2535409927368164
0.24535584449768066
0.2596476078033447
0.2514533996582031
0.29372096061706543
0.24878239631652832
0.24792695045471191
0.2509181499481201
0.24824261665344238
0.45206260681152344
0.255373477935791
0.2482619285583496
0.2581608295440674
0.2690398693084717
0.24972295761108398
0.24805545806884766
0.345426082611084
0.4312479496002197
0.24794268608093262
0.2655797004699707
0.2552144527435303
0.24516868591308594
0.24008774757385254
0.3148221969604492
0.30251121520996094
0.252124547958374
0.28910017013549805
0.27954769134521484
0.2782113552093506
0.4016687870025635
0.2598884105682373
0.3208599090576172
0.26624011993408203
0.24544239044189453
0.2515895366668701
0.2549870014190674
0.24432682991027832
0.3977234363555908
0.2495431900024414
0.2622239589691162
0.2909820079803467
0.24076247215270996
0.24831104278564453
0.24925732612609863
0.2507469654083252
0.26607680320739746
0.24744582176208496
0.25561022758483887
0.24135708808898926
0.2426743507385254
0.2435743808746338
0.2468430995941162
0.2682368755340576
0.25545740127563477
0.7413032054901123
0.2783524990081787
0.300274133682251
0.24394798278808594
0.2693443298339844
0.26289963722229004
0.2469007968902588
0.2767062187194824
0.27332258224487305
0.32623958587646484
0.2542605400085449
0.2762420177459717
0.25471043586730957
0.41921210289001465
0.24589753150939941
0.25321292877197266
0.25527071952819824
0.2379295825958252
0.2660863399505615
0.24393916130065918
0.2476203441619873
0.24584388732910156
0.25032854080200195
0.2578847408294678
0.24878382682800293
0.5539026260375977
0.2433924674987793
0.25867319107055664
0.2516939640045166
0.24429750442504883
0.35841965675354004
0.30192089080810547
0.2705354690551758
0.2430124282836914
0.24193954467773438
0.29395461082458496
0.30605649948120117
0.24229073524475098
0.24698543548583984
0.242262601852417
0.2496933937072754
0.32726526260375977
0.2886626720428467
0.2477092742919922
0.23802900314331055
0.2416074275970459
0.2787139415740967
0.28598761558532715
0.40496015548706055
0.24602389335632324
0.46706271171569824
0.24786615371704102
0.2548830509185791
0.273212194442749
0.2651655673980713
0.25805163383483887
0.27585411071777344
0.24823498725891113
0.24359560012817383
0.28194427490234375
0.2608511447906494
0.5359296798706055
0.25698041915893555
0.23952913284301758
0.25161242485046387
0.4435110092163086
0.2852027416229248
0.30563998222351074
0.28799915313720703
0.2785646915435791
0.26798081398010254
0.3204982280731201
0.2662639617919922
0.24798846244812012
0.4453468322753906
0.26360106468200684
0.4857645034790039
0.24566650390625
0.38956189155578613
0.26773786544799805
0.2827582359313965
0.3168911933898926
0.26282787322998047
0.2649824619293213
0.2653934955596924
0.32308077812194824
0.2642660140991211
0.26736879348754883
0.2769012451171875
0.2635018825531006
0.24324870109558105
0.259845495223999
0.4314749240875244
