0.31395411491394043
0.3258988857269287
0.18933558464050293
0.19537615776062012
0.281933069229126
0.2003633975982666
0.1966111660003662
0.1979386806488037
0.27240967750549316
0.19901514053344727
0.1788184642791748
0.1997368335723877
0.2594883441925049
0.2084369659423828
0.19779706001281738
0.29865503311157227
0.1995236873626709
0.3216218948364258
0.1981050968170166
0.31015968322753906
0.20845842361450195
0.19809556007385254
0.1770012378692627
0.2600376605987549
0.29715776443481445
0.19972944259643555
0.18476557731628418
0.19365882873535156
0.27471232414245605
0.18491387367248535
0.17290711402893066
